[Cumming]
34.25253422795997,-84.0890121459961
34.25480442551198,-84.0977668762207
34.2505477548555,-84.10463333129883
34.24600706880768,-84.11561965942383
34.22741608114276,-84.16213989257812
34.215351030759344,-84.1769027709961
34.18510984477345,-84.17655944824219
34.165511173970515,-84.1607666015625
34.17293222063546,-84.12609100341795
34.186671861781576,-84.12145614624023
34.19732120677331,-84.09639358520508
34.25253422795997,-84.0890121459961
[Cumming2]
34.15585218402147,-84.21878814697266
34.14967269184254,-84.21853065490723
34.135891506507605,-84.21913146972656
34.134470637941746,-84.20694351196289
34.118626335469514,-84.17372703552246
34.11894609290166,-84.14909362792969
34.13660193183246,-84.14943695068358
34.16629236750254,-84.15218353271484
34.173038738086305,-84.18668746948242
34.164161822660574,-84.21432495117188
34.15585218402147,-84.21878814697266
