[AustinLakeWay]
30.2934606306162, -97.97761917114258
30.319173697932353, -97.94697761535643
30.334509404563363, -97.96337127685547
30.39168225530725, -97.92097091674805
30.392126472976624, -97.90878295898438
30.396272407147876, -97.90243148803711
30.406784522760823, -97.91230201721191
30.431653753535144, -97.92071342468262
30.43453995011557, -97.9426860809326
30.42980358259902, -97.94680595397949
30.418183706936706, -97.94586181640625
30.402490978446036, -97.9331588745117
30.3937552538156, -97.93813705444336
30.390793813908672, -97.97006607055664
30.377170034129538, -97.98517227172852
30.36932069010696, -98.01469802856445
30.31583953094944, -98.00834655761719
30.2934606306162, -97.97761917114258
