[ForestPark]
38.63685235557806,-90.39276123046875
38.631622734027125,-90.38520812988281
38.630013542950316,-90.34538269042969
38.62987944206356,-90.30675888061523
38.62464931184125,-90.30744552612305
38.62049175671215,-90.26212692260742
38.65401356067251,-90.25457382202148
38.6616543371365,-90.33576965332031
38.63685235557806,-90.39276123046875
[Shiloh]
38.54051255418492, -89.95227813720703
38.548970940816105, -89.88893508911133
38.56722692309434, -89.86953735351562
38.58936949960597, -89.85769271850586
38.62880662593993, -89.8740005493164
38.62880662593993, -89.91880416870117
38.61472442637688, -89.9479866027832
38.614590296898086, -89.98540878295897
38.58762518068911, -89.98472213745116
38.5870884586511, -89.95176315307617
38.5705822976803, -89.9531364440918
38.54051255418492, -89.95227813720703
[Central]
38.636316001695214,-90.3929328918457
38.553266883183426,-90.39310455322266
38.55608595586475,-90.36872863769531
38.56413984008998,-90.33885955810547
38.56682426761465,-90.32100677490234
38.629678290263136,-90.30684471130371
38.63122043964406,-90.38520812988281
38.636316001695214,-90.3929328918457
[Highland]
38.79035238841018, -89.6755599975586
38.72368868397117, -89.78336334228516
38.70908932739828, -89.77581024169922
38.71538482849643, -89.63436126708984
38.79008478723164, -89.62234497070311
38.79035238841018, -89.6755599975586
[Fenton]
38.55890491799819,-90.44168472290039
38.55393810099159,-90.46056747436522
38.54655436043634,-90.47636032104491
38.54615158914401,-90.49678802490234
38.47885714320868,-90.48648834228516
38.47334722891264,-90.42125701904297
38.48208226348981,-90.4090690612793
38.53635012572907,-90.41387557983397
38.560381473091226,-90.43825149536133
38.55890491799819,-90.44168472290039
[MidCounty]
38.66942832560808,-90.44168472290039
38.67184077110641,-90.42383193969727
38.67117065551123,-90.3958511352539
38.67184077110643,-90.36718368530272
38.705606471589405,-90.33971786499023
38.720876195817276,-90.31791687011719
38.731054199763825,-90.33139228820801
38.76465809485369,-90.41902542114258
38.755622745634554,-90.43842315673828
38.73292893708775,-90.44288635253906
38.717126039425644,-90.44666290283203
38.69770243871941,-90.44923782348633
38.67117065551123,-90.44837951660156
38.66942832560808,-90.44168472290039
[StCharles]
38.79650693825768,-90.46846389770506
38.804533813317256,-90.4643440246582
38.81871241615138,-90.48254013061523
38.82566692529164,-90.5024528503418
38.8350276918707,-90.53146362304688
38.821253565549,-90.5360984802246
38.81189098781871,-90.54056167602539
38.789984436530716,-90.55141925811768
38.76827191422227,-90.5522346496582
38.753280060953145,-90.54159164428708
38.73761556514222,-90.52270889282225
38.745247415472136,-90.5034828186035
38.75354780023686,-90.4921531677246
38.763721148841626,-90.48468589782712
38.79650693825768,-90.46846389770506
[CreveCoeurLake]
38.699845991591545,-90.44958114624023
38.742301885680156,-90.44151306152342
38.74015960587783,-90.45782089233398
38.72824200152789,-90.49867630004883
38.700247900602726,-90.50399780273436
38.66473722665248,-90.4998779296875
38.662726661586646,-90.4779052734375
38.66406704456943,-90.46606063842773
38.66768595330274,-90.46005249023438
38.67117065551123,-90.44855117797852
38.699845991591545,-90.44958114624023
[CreveCoeur]
38.66420108148783, -90.50004959106444
38.6402044764171, -90.49781799316406
38.63618191259742, -90.39310455322266
38.65334327823747, -90.35636901855469
38.671572725621054, -90.36666870117188
38.67143870250204, -90.42366027832031
38.66916027109023, -90.44185638427734
38.67076858314327, -90.44872283935545
38.66755192290758, -90.46039581298828
38.663798969979986, -90.46554565429688
38.662458581979436, -90.47618865966797
38.66420108148783, -90.50004959106444
[GraniteCity]
38.73882064836625,-90.13938903808594
38.713509630827744,-90.16891479492188
38.68068570907942,-90.17698287963867
38.678273561664,-90.17080307006837
38.67519125499225,-90.1479721069336
38.677067457469654,-90.11209487915039
38.67880960144873,-90.06608963012695
38.693951066604974,-90.06282806396484
38.72958115735103,-90.05441665649414
38.75167360416169,-90.0604248046875
38.77496368895352,-90.0604248046875
38.77456220017231,-90.07999420166016
38.73882064836625,-90.13938903808594
[Stl_Downtown]
38.62008939987629,-90.26212692260742
38.600505306017325,-90.19432067871094
38.62183292986278,-90.1812744140625
38.638729562562595,-90.17990112304688
38.65401356067251,-90.25440216064452
38.62008939987629,-90.26212692260742
[SouthCounty]
38.53729004998243,-90.41370391845703
38.481746320193345,-90.40898323059082
38.47341442552586,-90.42082786560059
38.458024766219765,-90.41576385498045
38.44606023000308,-90.40735244750974
38.4354383616837,-90.38280487060545
38.438934339001136,-90.37113189697264
38.450227877897674,-90.34795761108397
38.468508908178535,-90.3445243835449
38.50451972971716,-90.33817291259764
38.518892157779575,-90.38726806640622
38.53729004998243,-90.41370391845703
[SouthCity]
38.62451520092178,-90.3072738647461
38.59057708018653,-90.31568527221678
38.56783090208339,-90.30220985412598
38.55299839430547,-90.27010917663574
38.53947196965213,-90.26976585388184
38.532321739826855,-90.26075363159178
38.570313873479556,-90.22916793823242
38.60037114995604,-90.19466400146483
38.620357638017666,-90.26281356811522
38.62451520092178,-90.3072738647461
[Belleville]
38.52493577983559,-90.03690719604492
38.51217642698598,-90.01630783081055
38.49766831050556,-89.98231887817386
38.49699656766097,-89.96360778808594
38.528964579268134,-89.96377944946289
38.54118389105551,-89.95227813720703
38.57071650940461,-89.95330810546875
38.5870884586511,-89.95210647583008
38.58802771958487,-90.00171661376953
38.567495358827344,-90.00806808471678
38.55689138489767,-90.01871109008789
38.5473598962533,-90.03725051879883
38.52493577983559,-90.03690719604492
[Pagedale]
38.7052045926941,-90.33954620361327
38.672510880428995,-90.36666870117188
38.65307516350737,-90.35602569580078
38.66205646068696,-90.33576965332031
38.65749892823337,-90.29027938842773
38.711098590112485,-90.28547286987305
38.71953687683865,-90.30075073242186
38.720608334029556,-90.318603515625
38.7052045926941,-90.33954620361327
[Florissant]
38.843718730030496,-90.31963348388672
38.84666007174489,-90.33559799194335
38.81724118294824,-90.36872863769531
38.80533645109375,-90.41095733642577
38.77750639875288,-90.43962478637695
38.745247415472136,-90.30813217163086
38.76050866911151,-90.28191089630127
38.78553541350347,-90.27997970581055
38.843718730030496,-90.31963348388672
[Affton]
38.574138823666786,-90.30727386474608
38.590241643173655,-90.31577110290527
38.56642160987865,-90.32117843627928
38.56380427959866,-90.33903121948241
38.55534763799028,-90.37035942077635
38.55313263886978,-90.39327621459961
38.53218745641205,-90.40597915649413
38.51936223547307,-90.38752555847168
38.50378088252688,-90.33774375915526
38.4875243267433,-90.27800559997559
38.50391521894346,-90.27362823486328
38.532926012092176,-90.26049613952637
38.53876704899609,-90.26976585388184
38.55521339756208,-90.27148246765135
38.55635443321175,-90.27852058410645
38.56044858851107,-90.28401374816893
38.56179088374765,-90.29276847839354
38.574138823666786,-90.30727386474608
[SouthCountyEast]
38.50458689726772,-90.3380012512207
38.450496750141866,-90.34761428833008
38.4238735383502,-90.30401229858398
38.44041335536369,-90.289249420166
38.48678530523011,-90.2775764465332
38.50116127232157,-90.31688690185545
38.50458689726772,-90.3380012512207
[WestCounty]
38.54682287337795,-90.49369812011719
38.62531986267625,-90.5105209350586
38.609359051609665,-90.56270599365234
38.63014764358622,-90.61214447021484
38.59326051987162,-90.62639236450195
38.557562568864824,-90.6291389465332
38.54507752133555,-90.62519073486328
38.54682287337795,-90.49369812011719
[OFallon]
38.84345132929943,-90.69557189941406
38.82178853281461,-90.72526931762695
38.80640662073053,-90.77247619628906
38.79530282901593,-90.7774543762207
38.79316214013487,-90.78706741333008
38.7670673281044,-90.77642440795898
38.75354780023683,-90.70037841796875
38.75742990699557,-90.63583374023436
38.802928510638665,-90.62553405761719
38.84345132929943,-90.69557189941406
[OFallonSouth]
38.75729604476025,-90.72166442871092
38.767201172010736,-90.77865600585938
38.7564928660758,-90.78105926513672
38.71833146829749,-90.72338104248047
38.69770243871943,-90.68338394165039
38.70547251220861,-90.64098358154297
38.72757241420325,-90.64424514770508
38.7360757069876,-90.63669204711914
38.73674521461237,-90.63325881958008
38.757496838019065,-90.6360912322998
38.75348086551005,-90.70046424865723
38.75729604476025,-90.72166442871092
[StPeters]
38.802928510638665,-90.62519073486324
38.757496838019065,-90.63591957092285
38.736544362983885,-90.63334465026855
38.75341393072052,-90.54184913635254
38.768405755868805,-90.55236339569092
38.79035238841012,-90.55137634277341
38.82479764879518,-90.53438186645505
38.82820782650376,-90.57455062866207
38.809884561033385,-90.6246757507324
38.802928510638665,-90.62519073486324
[Chesterfield]
38.58252615935333,-90.62793731689452
38.59245549849747,-90.62673568725586
38.62974534092597,-90.61180114746094
38.6092249120994,-90.56253433227538
38.62545397209084,-90.51017761230469
38.63939998171362,-90.49816131591797
38.691137408405766,-90.50296783447266
38.671036631639495,-90.57746887207031
38.67961365359827,-90.65780639648438
38.65334327823747,-90.67256927490234
38.62303996425438,-90.66570281982422
38.584404788284374,-90.64338684082031
38.58252615935333,-90.62793731689452
[Arnold]
38.44995900465167,-90.34727096557617
38.4354383616837,-90.38246154785156
38.44511911490984,-90.40769577026367
38.45869687231535,-90.41730880737305
38.39441521865825,-90.44597625732422
38.365752458190585,-90.41061401367188
38.35498416861644,-90.3635787963867
38.39777864768879,-90.34435272216797
38.43516943333944,-90.34709930419922
38.4435057461986,-90.33817291259766
38.44995900465167,-90.34727096557617
[Kirkwood]
38.63577964379899,-90.39310455322266
38.63805913714055,-90.450439453125
38.616736338463646,-90.45164108276367
38.595138867972864,-90.4500961303711
38.57662157707258,-90.44597625732422
38.561321083266414,-90.43842315673828
38.547896915118116,-90.42511940002441
38.53755859751344,-90.41336059570312
38.53191888883048,-90.40580749511719
38.55313263886978,-90.39344787597656
38.63577964379899,-90.39310455322266
[Columbia]
38.54548029864364,-90.20977020263672
38.44068226417387,-90.24581909179686
38.41244136986483,-90.20050048828125
38.44874906264676,-90.16651153564453
38.53876704899609,-90.1764678955078
38.54548029864364,-90.20977020263672
[TownCountry]
38.63966814761814,-90.49816131591797
38.62531986267628,-90.51034927368164
38.54682287337795,-90.49335479736328
38.54682287337795,-90.47670364379881
38.55447507072602,-90.45988082885742
38.56024724206345,-90.43842315673828
38.57601767197949,-90.44589042663574
38.61418790695693,-90.45284271240234
38.63859547797984,-90.450439453125
38.63966814761814,-90.49816131591797
[StPetersSouth]
38.73641046158445,-90.63360214233398
38.73580790218046,-90.63660621643066
38.72750545512564,-90.64433097839355
38.71324174143071,-90.64167022705078
38.69977900653675,-90.62244415283203
38.710160941206645,-90.58004379272461
38.723420832725594,-90.54579734802246
38.73815116019657,-90.52382469177246
38.75348086551005,-90.54210662841795
38.73641046158445,-90.63360214233398
[Wentzville]
38.7775063987529,-90.87924957275389
38.763854999025156,-90.83925247192383
38.75649286607578,-90.78157424926756
38.77068102544212,-90.77779769897461
38.80466758690792,-90.7920455932617
38.826469324945144,-90.81624984741211
38.83984132107085,-90.83444595336914
38.832821336342654,-90.88654518127441
38.807944961421214,-90.88517189025877
38.7775063987529,-90.87924957275389
