[SandySprings]
33.90251450072892,-84.44203376770021
33.890973094853514,-84.4612169265747
33.87725673930016,-84.44812774658203
33.87668666121478,-84.3478775024414
33.938411105454676,-84.34834957122803
33.93769901830993,-84.35882091522218
34.00375532992289,-84.35092449188234
34.000624508554914,-84.38096523284912
33.978990226369746,-84.37306880950928
33.971303037128024,-84.38388347625732
33.96518125976081,-84.38148021698
33.93271424154681,-84.41701412200929
33.92288625556567,-84.43589687347412
33.90992297499621,-84.44791316986085
33.90251450072892,-84.44203376770021
