[Alpharetta]
34.08301911544772,-84.3160343170166
34.06076588422388,-84.3241024017334
34.06105030743799,-84.32925224304199
34.04007153496652,-84.32753562927248
34.037013178753526,-84.31268692016602
34.03452373763889,-84.30006980895996
34.037511058209724,-84.29989814758304
34.036870926943585,-84.28839683532718
34.040000411655825,-84.26556587219238
34.04142286653713,-84.25663948059082
34.043556504127466,-84.23724174499512
34.05322832125499,-84.22625541687013
34.06346786621828,-84.21080589294435
34.0839432446153,-84.19569969177248
34.093610452768715,-84.2187023162842
34.0970221450239,-84.23260688781738
34.10327655697847,-84.24788475036621
34.10626145426851,-84.28496360778809
34.09474769880026,-84.2923450469971
34.0970221450239,-84.31483268737793
34.08301911544772,-84.3160343170166
[BallGround]
34.38679600336414,-84.40057754516602
34.261756524459805,-84.48417663574219
34.26317524957206,-84.46220397949219
34.236215380880736,-84.43336486816406
34.25466253995953,-84.27783966064453
34.38877925439021,-84.36899185180664
34.38679600336414,-84.40057754516602
[Buckhead]
33.87725673930016,-84.44864273071289
33.80083235326659,-84.41276550292969
33.80090367651234,-84.36530113220215
33.82721789612316,-84.34856414794922
33.87668666121478,-84.34796333312988
33.87725673930016,-84.44864273071289
[CantonSouth]
34.17964255746811,-84.59026336669922
34.16295449004889,-84.58022117614745
34.15840908301177,-84.56013679504395
34.13830692824568,-84.52760696411131
34.12075802884586,-84.49687957763672
34.19448151293156,-84.4969654083252
34.20740134751681,-84.53739166259766
34.200941677720955,-84.54846382141113
34.194055550607054,-84.5559310913086
34.17964255746811,-84.59026336669922
[Canton]
34.259699,-84.502115
34.263317,-84.462203
34.235931546854395,-84.43387985229491
34.219893,-84.464435
34.208820,-84.479370
34.194623499894,-84.496364593505
34.2037101682475,-84.52606201171875
34.234796,-84.508981
34.259699,-84.502115
[CoalMtn]
34.334080984295724,-84.08472061157225
34.311114081454086,-84.0977668762207
34.28459508964715,-84.1145896911621
34.26927549486259,-84.11613464355469
34.25409499535699,-84.11510467529297
34.25494631082515,-84.0974235534668
34.252676117101515,-84.08798217773438
34.25579761767937,-84.0732192993164
34.29452296537488,-84.05004501342773
34.31309912363629,-84.03802871704102
34.333797480607004,-84.04661178588866
34.334080984295724,-84.08472061157225
[Cumming]
34.25253422795997,-84.0890121459961
34.25480442551198,-84.0977668762207
34.2505477548555,-84.10463333129883
34.24600706880768,-84.11561965942383
34.22741608114276,-84.16213989257812
34.215351030759344,-84.1769027709961
34.18510984477345,-84.17655944824219
34.165511173970515,-84.1607666015625
34.17293222063546,-84.12609100341795
34.186671861781576,-84.12145614624023
34.19732120677331,-84.09639358520508
34.25253422795997,-84.0890121459961
[Cumming2]
34.15585218402147,-84.21878814697266
34.14967269184254,-84.21853065490723
34.135891506507605,-84.21913146972656
34.134470637941746,-84.20694351196289
34.118626335469514,-84.17372703552246
34.11894609290166,-84.14909362792969
34.13660193183246,-84.14943695068358
34.16629236750254,-84.15218353271484
34.173038738086305,-84.18668746948242
34.164161822660574,-84.21432495117188
34.15585218402147,-84.21878814697266
[CummingEast]
34.167357619759365,-84.15226936340332
34.13667297403646,-84.14909362792969
34.100291554388974,-84.14892196655273
34.09687999392557,-84.11046981811523
34.12715278654448,-84.09441947937012
34.170624309521315,-84.09562110900879
34.172896714788635,-84.12617683410645
34.167357619759365,-84.15226936340332
[Dawsonville]
34.33478973932564,-84.1226577758789
34.334364487026306,-84.08506393432617
34.33393923257115,-84.04678344726564
34.31366626992474,-84.03802871704102
34.35902555639409,-84.00112152099608
34.3774457585774,-84.01897430419922
34.397420014070136,-84.0450668334961
34.44570684210321,-84.05708312988281
34.46736312818063,-84.11081314086914
34.426310500049894,-84.13639068603516
34.33478973932564,-84.1226577758789
[Decatur]
33.800190441380174,-84.36590194702148
33.72776616734189,-84.36590194702148
33.728622772365505,-84.26342010498047
33.81024650777822,-84.26668167114258
33.82711094413756,-84.3484354019165
33.800190441380174,-84.36590194702148
[Atl_Downtown]
33.728337238307645,-84.41242218017578
33.728337238307645,-84.36590194702148
33.80083235326659,-84.36590194702148
33.80083235326659,-84.41242218017578
[Duluth]
34.029473504112545,-84.14360046386719
34.03288777941468,-84.15664672851562
34.02933123965998,-84.16883468627928
34.02179088235365,-84.17587280273438
34.001158179447046,-84.18119430541992
33.990057134487714,-84.19286727905272
33.973046951191726,-84.18394088745117
33.94093896671995,-84.1533851623535
33.965430410464776,-84.10188674926758
33.987779817779554,-84.08437728881836
34.034025840649385,-84.11664962768555
34.029473504112545,-84.14360046386719
[Dunwoody]
33.93766341379634,-84.35714721679688
33.93766341379634,-84.34830665588379
33.915372066695824,-84.34847831726074
33.920286634865164,-84.33053970336914
33.92014418760294,-84.29397583007812
33.97582290387967,-84.29328918457031
33.98130336486332,-84.29895401000977
33.98429255830083,-84.29903984069824
33.98521776353636,-84.29491996765137
33.98820681931094,-84.29586410522461
33.988776151348695,-84.2995548248291
33.984648407660224,-84.30410385131836
33.986356463846434,-84.32332992553712
33.99589247998299,-84.32547569274902
34.00980318074752,-84.33358669281004
34.00902054196231,-84.33942317962646
34.0044668641392,-84.34414386749268
34.003470714567285,-84.35049533843994
33.95503664708412,-84.35680389404297
33.93766341379634,-84.35714721679688
[EastCobb_South]
33.93908758272594,-84.50632095336914
33.92683895146819,-84.50031280517577
33.92071397522282,-84.50391769409178
33.90974489422525,-84.49413299560547
33.892219926915004,-84.45911407470703
33.90190897196702,-84.44297790527344
33.91002982328023,-84.44812774658203
33.92270820188382,-84.43628311157227
33.93139678750913,-84.41825866699219
33.9645761764413,-84.38255310058594
33.9704132712761,-84.38512802124023
33.957172455545056,-84.43096160888672
33.95361274499209,-84.43147659301758
33.94407198637549,-84.46477890014648
33.93894516690498,-84.49859619140625
33.93908758272594,-84.50632095336914
[EastCobb]
33.986214127142,-84.54185485839844
34.02150632745044,-84.5313835144043
34.03103839734782,-84.49121475219727
34.023071367612125,-84.43422317504881
33.986356463846434,-84.42237854003905
33.95332796171439,-84.43233489990234
33.943787171171536,-84.46683883666992
33.93908758272594,-84.49945449829102
33.94506883208477,-84.50906753540039
33.94905609818093,-84.5149040222168
33.951192056752376,-84.5149040222168
33.957030069982316,-84.51576232910155
33.986214127142,-84.54185485839844
[Exit12]
34.106545724708916,-84.28547859191895
34.118271048015764,-84.28616523742676
34.125376513476866,-84.26934242248535
34.13603359205033,-84.24891471862793
34.138520050378574,-84.24797058105469
34.134541681937364,-84.2072868347168
34.11869739278115,-84.17372703552246
34.09538739297832,-84.17673110961913
34.07960685884787,-84.18522834777832
34.09439231105678,-84.2197322845459
34.096666766830396,-84.2307186126709
34.10356083744765,-84.2483139038086
34.106545724708916,-84.28547859191895
[JohnsCreek]
33.989487811032085,-84.2984390258789
33.98813565253805,-84.29543495178221
33.98493308607506,-84.29423332214355
33.984221388250155,-84.29861068725586
33.981089847023874,-84.29878234863281
33.97560937227514,-84.2921733856201
33.97660584850795,-84.2830753326416
33.98044929028764,-84.2764663696289
33.97269105326712,-84.26994323730469
33.97212161348937,-84.26565170288086
33.97411463602786,-84.26136016845703
33.98528893275272,-84.26350593566895
33.988064485705536,-84.26170349121094
33.985573609022126,-84.25518035888672
33.99176508196857,-84.25003051757812
33.99824073763489,-84.24848556518555
34.00016199106959,-84.23707008361816
34.0035062915389,-84.22994613647461
34.003862060435345,-84.21252250671387
33.9969598778714,-84.20162200927734
33.993864387048326,-84.20162200927734
33.99172950007954,-84.20484066009521
33.989487811032085,-84.20363903045654
33.990733201137125,-84.19265270233154
34.001585113746614,-84.18067932128905
34.022502265437836,-84.17535781860352
34.029473504112545,-84.16814804077148
34.033314554166736,-84.15647506713866
34.030184822797445,-84.14342880249022
34.055646103149,-84.14342880249022
34.06901376987856,-84.16050910949706
34.07136000446003,-84.1768169403076
34.08124191562527,-84.18359756469727
34.07882486401267,-84.18548583984375
34.0839432446153,-84.19527053833008
34.076052278688856,-84.20127868652342
34.068587174791965,-84.20617103576659
34.064107796704135,-84.20917510986327
34.05514833016098,-84.22350883483885
34.044125465085735,-84.23509597778319
34.036870926943585,-84.28994178771971
34.03729768165777,-84.29955482482909
34.02506319517012,-84.29921150207518
33.989487811032085,-84.2984390258789
[Kennesaw]
34.04938817298568,-84.65206146240234
33.99802726234877,-84.65068817138672
33.974684062458635,-84.60210800170898
33.96713885277394,-84.5888900756836
33.98721047906694,-84.57326889038086
33.988064485705536,-84.54254150390625
34.03985816485562,-84.52554702758789
34.04938817298568,-84.65206146240234
[Lawrenceville]
33.91002982328023,-84.07510757446288
33.91002982328023,-84.00077819824219
33.96955908729964,-84.00077819824219
33.96955908729964,-84.07510757446288
33.91002982328023,-84.07510757446288
[Lilburn]
33.96564396763015,-84.10154342651366
33.94036931439448,-84.15209770202637
33.918434801880196,-84.18703079223633
33.874620096232114,-84.15870666503906
33.90205144970967,-84.07922744750977
33.909602429340566,-84.07536506652832
33.96301005844973,-84.07519340515137
33.96564396763015,-84.10154342651366
[Marietta]
33.9667117454139,-84.5888900756836
33.985502440044165,-84.57344055175781
33.99034179478517,-84.55078125
33.96215580011896,-84.52022552490234
33.92626920481366,-84.50048446655273
33.9153008389864,-84.50752258300781
33.91458855861751,-84.58820343017578
33.94549604810083,-84.59712982177734
33.9667117454139,-84.5888900756836
[Milton]
34.061185,-84.324529
34.061469,-84.346158
34.078044,-84.359419
34.087340,-84.360792
34.119556,-84.342734
34.114795,-84.314410
34.083089,-84.316212
34.061185,-84.324529
[Noonday]
34.120047470357804,-84.49636459350585
34.08593364241354,-84.51507568359375
34.096169234852546,-84.54322814941406
34.04327202221684,-84.56365585327148
34.04000041165585,-84.52503204345703
34.0219331594475,-84.53121185302733
34.03118065893801,-84.49104309082033
34.02296466124511,-84.43289279937743
34.06574315265719,-84.42392349243164
34.120047470357804,-84.49636459350585
[Norcross]
33.91672538186335,-84.24848556518555
33.88880000112438,-84.23543930053711
33.94008448680239,-84.1526985168457
33.97283341261573,-84.18394088745117
33.94905609818093,-84.2318344116211
33.93481500447212,-84.25741195678711
33.91672538186335,-84.24848556518555
[PeachtreeCorners]
33.99824073763489,-84.24839973449707
33.991978572989886,-84.2497730255127
33.98536010190945,-84.25475120544434
33.98763748345896,-84.26161766052246
33.98536010190945,-84.26324844360352
33.97425699299307,-84.2611026763916
33.97183689217048,-84.26505088806152
33.97219279367013,-84.26994323730469
33.98009342334851,-84.27663803100586
33.97660584850795,-84.2827320098877
33.97539584013437,-84.29303169250488
33.919574396172536,-84.2937183380127
33.91309275046429,-84.28633689880371
33.92391895958187,-84.28153038024902
33.93168164416314,-84.26256179809569
33.94905609818093,-84.23320770263672
33.97297577172598,-84.18437004089355
33.99041295971054,-84.19329643249512
33.989274313752844,-84.20368194580078
33.99176508196857,-84.20522689819336
33.9938288060384,-84.20205116271971
33.996746399366586,-84.2017936706543
34.0037197530556,-84.21252250671387
34.003363983563034,-84.22977447509766
33.99994852061158,-84.23698425292969
33.99824073763489,-84.24839973449707
[Roswell]
34.00026872609742,-84.38255310058594
34.0006600867187,-84.36779022216795
34.00492935818315,-84.3441867828369
34.009269564176414,-84.3394660949707
34.01026564572998,-84.33311462402342
34.00073124300157,-84.32865142822264
33.99624828076921,-84.32504653930663
33.98664113654014,-84.3225574493408
33.98500425552977,-84.30401802062987
33.98799331881343,-84.3013572692871
33.98920314787391,-84.29818153381346
34.03452373763889,-84.29964065551758
34.03992928828557,-84.32762145996094
34.06105030743799,-84.32942390441893
34.06126362422215,-84.36049461364746
34.06062367225887,-84.37637329101561
34.06872937339283,-84.37688827514647
34.067449577393454,-84.3921661376953
34.06588535603112,-84.42375183105467
34.02008353862451,-84.43302154541014
33.98564477794049,-84.422550201416
33.95745722595571,-84.42941665649413
33.97027090787582,-84.3866729736328
33.97596525798474,-84.37710285186766
33.98044929028764,-84.37439918518065
34.00026872609742,-84.38255310058594
[SandySprings]
33.90251450072892,-84.44203376770021
33.890973094853514,-84.4612169265747
33.87725673930016,-84.44812774658203
33.87668666121478,-84.3478775024414
33.938411105454676,-84.34834957122803
33.93769901830993,-84.35882091522218
34.00375532992289,-84.35092449188234
34.000624508554914,-84.38096523284912
33.978990226369746,-84.37306880950928
33.971303037128024,-84.38388347625732
33.96518125976081,-84.38148021698
33.93271424154681,-84.41701412200929
33.92288625556567,-84.43589687347412
33.90992297499621,-84.44791316986085
33.90251450072892,-84.44203376770021
[Snellville]
33.80446976301445,-84.07879829406738
33.80446976301445,-84.00575637817381
33.858157050534174,-84.00575637817381
33.858157050534174,-84.07879829406738
[WesternInd]
33.87526144934054,-84.4478702545166
33.873408638322054,-84.45147514343262
33.85480703786362,-84.4585132598877
33.83527456102218,-84.46460723876953
33.8210144598163,-84.49490547180176
33.81309907738368,-84.49825286865234
33.79619621480078,-84.48623657226562
33.78207227636077,-84.49602127075195
33.772262615138054,-84.49645042419434
33.76220208690323,-84.49353218078613
33.75795633233616,-84.47250366210938
33.750570359046584,-84.45409297943115
33.751284007422626,-84.44623947143555
33.73961511118287,-84.41242218017578
33.79990514566303,-84.4124221801758
33.87526144934054,-84.4478702545166
[Woodstock]
34.173322783964636,-84.62150573730469
34.13312079067809,-84.62270736694336
34.12274756084745,-84.61360931396484
34.08579147269388,-84.5149040222168
34.12047380616713,-84.49670791625975
34.15826703509898,-84.56005096435547
34.173322783964636,-84.62150573730469